time_entry,time_exit,symbol,side,entry,exit,pnl_pct,reason,profile_run,risk_perc_run,R_multiple,account_pnl_pct,account_pnl_usd,equity_before,equity_after,qty,notional_usd,time_limit_applied,time_limit_minutes,unrealized_pct_at_90m,be_armed,leg,leg_fraction
2025-08-15 22:58:59,2025-08-16 00:28:59,ETHUSDT,LONG,4477.050000,4477.050000,0.0000,ExitD_TimeMax_BE,SAFE,100.00,0.0000,0.0000,0.00,10000.00,10000.00,37.226894,166666.67,True,90,,False,FULL,1.00
2025-08-16 00:29:59,2025-08-16 01:59:59,ETHUSDT,LONG,4452.600000,4487.590000,0.7858,ExitD_TimeMax_Profit,SAFE,100.00,0.1310,13.0972,1309.72,10000.00,11309.72,37.431314,166666.67,True,90,,False,FULL,1.00
2025-08-16 02:00:59,2025-08-16 03:30:59,ETHUSDT,LONG,4480.960000,4480.960000,0.0000,ExitD_TimeMax_BE,SAFE,100.00,0.0000,0.0000,0.00,11309.72,11309.72,42.065843,188495.36,True,90,,False,FULL,1.00
2025-08-16 03:31:59,2025-08-16 05:01:59,ETHUSDT,LONG,4442.560000,4450.890000,0.1875,ExitD_TimeMax_Profit,SAFE,100.00,0.0313,3.1251,353.44,11309.72,11663.16,42.429446,188495.36,True,90,,False,FULL,1.00
2025-08-16 05:02:59,2025-08-16 06:32:59,ETHUSDT,LONG,4448.350000,4448.350000,0.0000,ExitD_TimeMax_BE,SAFE,100.00,0.0000,0.0000,0.00,11663.16,11663.16,43.698446,194385.98,True,90,,False,FULL,1.00
2025-08-16 06:33:59,2025-08-16 08:03:59,ETHUSDT,LONG,4426.610000,4450.740000,0.5451,ExitD_TimeMax_Profit,SAFE,100.00,0.0909,9.0852,1059.62,11663.16,12722.78,43.913058,194385.98,True,90,,False,FULL,1.00
2025-08-16 08:04:59,2025-08-16 09:39:59,ETHUSDT,LONG,4448.040000,4454.300000,0.1407,ExitD_TimeMax_Profit,SAFE,100.00,0.0235,2.3456,298.43,12722.78,13021.21,47.671862,212046.35,True,90,,False,FULL,1.00
2025-08-16 09:40:59,2025-08-16 11:10:59,ETHUSDT,LONG,4455.490000,4455.490000,0.0000,ExitD_TimeMax_BE,SAFE,100.00,0.0000,0.0000,0.00,13021.21,13021.21,48.708473,217020.12,True,90,,False,FULL,1.00
2025-08-16 11:11:59,2025-08-16 12:41:59,ETHUSDT,LONG,4416.440000,4416.440000,0.0000,ExitD_TimeMax_BE,SAFE,100.00,0.0000,0.0000,0.00,13021.21,13021.21,49.139152,217020.12,True,90,,False,FULL,1.00
2025-08-16 12:42:59,2025-08-16 14:12:59,ETHUSDT,LONG,4390.510000,4404.630000,0.3216,ExitD_TimeMax_Profit,SAFE,100.00,0.0536,5.3600,697.94,13021.21,13719.15,49.429364,217020.12,True,90,,False,FULL,1.00
2025-08-16 14:13:59,2025-08-16 15:43:59,ETHUSDT,LONG,4399.190000,4399.190000,0.0000,ExitD_TimeMax_BE,SAFE,100.00,0.0000,0.0000,0.00,13719.15,13719.15,51.976044,228652.49,True,90,,False,FULL,1.00
2025-08-16 15:44:59,2025-08-16 17:15:59,ETHUSDT,LONG,4395.990000,4395.990000,0.0000,ExitD_TimeMax_BE,SAFE,100.00,0.0000,0.0000,0.00,13719.15,13719.15,52.013879,228652.49,True,90,,False,FULL,1.00
2025-08-16 17:16:59,2025-08-16 18:46:59,ETHUSDT,LONG,4393.180000,4409.790000,0.3781,ExitD_TimeMax_Profit,SAFE,100.00,0.0630,6.3014,864.50,13719.15,14583.65,52.047149,228652.49,True,90,,False,FULL,1.00
2025-08-16 18:47:59,2025-08-16 20:17:59,ETHUSDT,LONG,4412.820000,4428.370000,0.3524,ExitD_TimeMax_Profit,SAFE,100.00,0.0587,5.8730,856.50,14583.65,15440.16,55.080624,243060.88,True,90,,False,FULL,1.00
2025-08-16 20:18:59,2025-08-16 21:48:59,ETHUSDT,LONG,4428.040000,4428.040000,0.0000,ExitD_TimeMax_BE,SAFE,100.00,0.0000,0.0000,0.00,15440.16,15440.16,58.115089,257335.94,True,90,,False,FULL,1.00
2025-08-16 21:49:59,2025-08-16 23:21:59,ETHUSDT,LONG,4421.540000,4421.540000,0.0000,ExitD_TimeMax_BE,SAFE,100.00,0.0000,0.0000,0.00,15440.16,15440.16,58.200523,257335.94,True,90,,False,FULL,1.00
2025-08-16 23:22:59,2025-08-17 00:52:59,ETHUSDT,LONG,4415.960000,4415.960000,0.0000,ExitD_TimeMax_BE,SAFE,100.00,0.0000,0.0000,0.00,15440.16,15440.16,58.274065,257335.94,True,90,,False,FULL,1.00
2025-08-17 00:53:59,2025-08-17 02:23:59,ETHUSDT,LONG,4410.970000,4410.970000,0.0000,ExitD_TimeMax_BE,SAFE,100.00,0.0000,0.0000,0.00,15440.16,15440.16,58.339989,257335.94,True,90,,False,FULL,1.00
2025-08-17 02:24:59,2025-08-17 03:54:59,ETHUSDT,LONG,4411.740000,4456.440000,1.0132,ExitD_TimeMax_Profit,SAFE,100.00,0.1689,16.8868,2607.34,15440.16,18047.50,58.329806,257335.94,True,90,,False,FULL,1.00
2025-08-17 03:55:59,2025-08-17 05:25:59,ETHUSDT,LONG,4452.220000,4474.040000,0.4901,ExitD_TimeMax_Profit,SAFE,100.00,0.0817,8.1682,1474.16,18047.50,19521.66,67.559924,300791.64,True,90,,False,FULL,1.00
2025-08-17 05:26:59,2025-08-17 06:56:59,ETHUSDT,LONG,4477.040000,4477.040000,0.0000,ExitD_TimeMax_BE,SAFE,100.00,0.0000,0.0000,0.00,19521.66,19521.66,72.673225,325360.94,True,90,,False,FULL,1.00
2025-08-17 06:57:59,2025-08-17 08:27:59,ETHUSDT,LONG,4456.920000,4472.450000,0.3484,ExitD_TimeMax_Profit,SAFE,100.00,0.0581,5.8074,1133.71,19521.66,20655.37,73.001296,325360.94,True,90,,False,FULL,1.00
2025-08-17 08:28:59,2025-08-17 09:58:59,ETHUSDT,LONG,4472.890000,4542.600000,1.5585,ExitD_TimeMax_Profit,SAFE,100.00,0.2598,25.9750,5365.23,20655.37,26020.60,76.965028,344256.11,True,90,,False,FULL,1.00
2025-08-17 09:59:59,2025-08-17 11:29:59,ETHUSDT,LONG,4543.140000,4555.230000,0.2661,ExitD_TimeMax_Profit,SAFE,100.00,0.0444,4.4353,1154.08,26020.60,27174.68,95.457468,433676.64,True,90,,False,FULL,1.00
2025-08-17 11:30:59,2025-08-17 13:00:59,ETHUSDT,LONG,4557.170000,4557.170000,0.0000,ExitD_TimeMax_BE,SAFE,100.00,0.0000,0.0000,0.00,27174.68,27174.68,99.384337,452911.32,True,90,,False,FULL,1.00
2025-08-17 13:01:59,2025-08-17 14:31:59,ETHUSDT,LONG,4536.150000,4546.500000,0.2282,ExitD_TimeMax_Profit,SAFE,100.00,0.0380,3.8028,1033.39,27174.68,28208.07,99.844873,452911.32,True,90,,False,FULL,1.00
2025-08-17 14:32:59,2025-08-17 16:02:59,ETHUSDT,LONG,4547.110000,4560.000000,0.2835,ExitD_TimeMax_Profit,SAFE,100.00,0.0472,4.7246,1332.72,28208.07,29540.80,103.391948,470134.56,True,90,,False,FULL,1.00
2025-08-17 16:03:59,2025-08-17 17:33:59,ETHUSDT,LONG,4552.310000,4552.310000,0.0000,ExitD_TimeMax_BE,SAFE,100.00,0.0000,0.0000,0.00,29540.80,29540.80,108.153135,492346.60,True,90,,False,FULL,1.00
2025-08-17 17:34:59,2025-08-17 19:04:59,ETHUSDT,LONG,4527.890000,4527.890000,0.0000,ExitD_TimeMax_BE,SAFE,100.00,0.0000,0.0000,0.00,29540.80,29540.80,108.736431,492346.60,True,90,,False,FULL,1.00
2025-08-17 19:05:59,2025-08-17 20:35:59,ETHUSDT,LONG,4468.100000,4474.970000,0.1538,ExitD_TimeMax_Profit,SAFE,100.00,0.0256,2.5626,757.02,29540.80,30297.81,110.191491,492346.60,True,90,,False,FULL,1.00
2025-08-17 20:36:59,2025-08-17 22:06:59,ETHUSDT,LONG,4475.150000,4489.050000,0.3106,ExitD_TimeMax_Profit,SAFE,100.00,0.0518,5.1767,1568.44,30297.81,31866.25,112.837229,504963.52,True,90,,False,FULL,1.00
2025-08-17 22:07:59,2025-08-17 23:37:59,ETHUSDT,LONG,4494.570000,4494.570000,0.0000,ExitD_TimeMax_BE,SAFE,100.00,0.0000,0.0000,0.00,31866.25,31866.25,118.165731,531104.15,True,90,,False,FULL,1.00
2025-08-17 23:38:59,2025-08-18 01:08:59,ETHUSDT,LONG,4486.250000,4486.250000,0.0000,ExitD_TimeMax_BE,SAFE,100.00,0.0000,0.0000,0.00,31866.25,31866.25,118.384876,531104.15,True,90,,False,FULL,1.00
2025-08-18 01:09:59,2025-08-18 02:39:59,ETHUSDT,LONG,4456.020000,4456.020000,0.0000,ExitD_TimeMax_BE,SAFE,100.00,0.0000,0.0000,0.00,31866.25,31866.25,119.188008,531104.15,True,90,,False,FULL,1.00
2025-08-18 02:40:59,2025-08-18 04:10:59,ETHUSDT,LONG,4373.260000,4373.260000,0.0000,ExitD_TimeMax_BE,SAFE,100.00,0.0000,0.0000,0.00,31866.25,31866.25,121.443534,531104.15,True,90,,False,FULL,1.00
2025-08-18 04:11:59,2025-08-18 05:41:59,ETHUSDT,LONG,4320.030000,4320.030000,0.0000,ExitD_TimeMax_BE,SAFE,100.00,0.0000,0.0000,0.00,31866.25,31866.25,122.939922,531104.15,True,90,,False,FULL,1.00
2025-08-18 05:42:59,2025-08-18 07:12:59,ETHUSDT,LONG,4288.580000,4288.580000,0.0000,ExitD_TimeMax_BE,SAFE,100.00,0.0000,0.0000,0.00,31866.25,31866.25,123.841493,531104.15,True,90,,False,FULL,1.00
2025-08-18 07:13:59,2025-08-18 08:43:59,ETHUSDT,LONG,4250.340000,4269.010000,0.4393,ExitD_TimeMax_Profit,SAFE,100.00,0.0732,7.3210,2332.92,31866.25,34199.17,124.955686,531104.15,True,90,,False,FULL,1.00
2025-08-18 08:44:59,2025-08-18 10:14:59,ETHUSDT,LONG,4267.800000,4285.110000,0.4056,ExitD_TimeMax_Profit,SAFE,100.00,0.0676,6.7599,2311.84,34199.17,36511.01,133.555038,569986.19,True,90,,False,FULL,1.00
2025-08-18 10:15:59,2025-08-18 11:45:59,ETHUSDT,LONG,4290.930000,4290.930000,0.0000,ExitD_TimeMax_BE,SAFE,100.00,0.0000,0.0000,0.00,36511.01,36511.01,141.814670,608516.82,True,90,,False,FULL,1.00
2025-08-18 11:46:59,2025-08-18 13:16:59,ETHUSDT,LONG,4268.160000,4331.660000,1.4878,ExitD_TimeMax_Profit,SAFE,100.00,0.2480,24.7960,9053.27,36511.01,45564.28,142.571230,608516.82,True,90,,False,FULL,1.00
2025-08-18 13:17:59,2025-08-18 14:47:59,ETHUSDT,LONG,4333.120000,4333.120000,0.0000,ExitD_TimeMax_BE,SAFE,100.00,0.0000,0.0000,0.00,45564.28,45564.28,175.255868,759404.71,True,90,,False,FULL,1.00
2025-08-18 14:48:59,2025-08-18 16:18:59,ETHUSDT,LONG,4293.410000,4332.590000,0.9126,ExitD_TimeMax_Profit,SAFE,100.00,0.1521,15.2094,6930.03,45564.28,52494.32,176.876820,759404.71,True,90,,False,FULL,1.00
2025-08-18 16:19:59,2025-08-18 17:49:59,ETHUSDT,LONG,4334.510000,4349.980000,0.3569,ExitD_TimeMax_Profit,SAFE,100.00,0.0595,5.9484,3122.56,52494.32,55616.88,201.846407,874905.27,True,90,,False,FULL,1.00
2025-08-18 17:50:59,2025-08-18 19:20:59,ETHUSDT,LONG,4351.110000,4370.360000,0.4424,ExitD_TimeMax_Profit,SAFE,100.00,0.0737,7.3736,4100.96,55616.88,59717.84,213.037134,926948.00,True,90,,False,FULL,1.00
2025-08-18 19:21:59,2025-08-18 20:51:59,ETHUSDT,LONG,4365.460000,4365.460000,0.0000,ExitD_TimeMax_BE,SAFE,100.00,0.0000,0.0000,0.00,59717.84,59717.84,227.993709,995297.42,True,90,,False,FULL,1.00
2025-08-18 20:52:59,2025-08-18 22:22:59,ETHUSDT,LONG,4336.730000,4381.140000,1.0240,ExitD_TimeMax_Profit,SAFE,100.00,0.1707,17.0674,10192.28,59717.84,69910.12,229.504123,995297.42,True,90,,False,FULL,1.00
2025-08-18 22:23:59,2025-08-18 23:53:59,ETHUSDT,LONG,4381.680000,4381.680000,0.0000,ExitD_TimeMax_BE,SAFE,100.00,0.0000,0.0000,0.00,69910.12,69910.12,265.918259,1165168.72,True,90,,False,FULL,1.00
2025-08-18 23:54:59,2025-08-19 01:24:59,ETHUSDT,LONG,4314.940000,4325.020000,0.2336,ExitD_TimeMax_Profit,SAFE,100.00,0.0389,3.8934,2721.92,69910.12,72632.04,270.031268,1165168.72,True,90,,False,FULL,1.00
2025-08-19 01:25:59,2025-08-19 02:55:59,ETHUSDT,LONG,4325.280000,4325.280000,0.0000,ExitD_TimeMax_BE,SAFE,100.00,0.0000,0.0000,0.00,72632.04,72632.04,279.874129,1210533.97,True,90,,False,FULL,1.00
2025-08-19 02:56:59,2025-08-19 04:26:59,ETHUSDT,LONG,4289.610000,4289.610000,0.0000,ExitD_TimeMax_BE,SAFE,100.00,0.0000,0.0000,0.00,72632.04,72632.04,282.201406,1210533.97,True,90,,False,FULL,1.00
2025-08-19 04:27:59,2025-08-19 05:57:59,ETHUSDT,LONG,4206.600000,4232.210000,0.6088,ExitD_TimeMax_Profit,SAFE,100.00,0.1015,10.1468,7369.79,72632.04,80001.83,287.770164,1210533.97,True,90,,False,FULL,1.00
2025-08-19 05:58:59,2025-08-19 07:28:59,ETHUSDT,LONG,4229.790000,4229.790000,0.0000,ExitD_TimeMax_BE,SAFE,100.00,0.0000,0.0000,0.00,80001.83,80001.83,315.231695,1333363.87,True,90,,False,FULL,1.00
2025-08-19 07:29:59,2025-08-19 08:59:59,ETHUSDT,LONG,4219.500000,4255.900000,0.8627,ExitD_TimeMax_Profit,SAFE,100.00,0.1438,14.3777,11502.42,80001.83,91504.25,316.000443,1333363.87,True,90,,False,FULL,1.00
2025-08-19 09:00:59,2025-08-19 10:30:59,ETHUSDT,LONG,4257.580000,4289.840000,0.7577,ExitD_TimeMax_Profit,SAFE,100.00,0.1263,12.6285,11555.57,91504.25,103059.82,358.201327,1525070.80,True,90,,False,FULL,1.00
2025-08-19 10:31:59,2025-08-19 12:01:59,ETHUSDT,LONG,4287.320000,4305.160000,0.4161,ExitD_TimeMax_Profit,SAFE,100.00,0.0694,6.9352,7147.38,103059.82,110207.21,400.638095,1717663.72,True,90,,False,FULL,1.00
2025-08-19 12:02:59,2025-08-19 13:33:59,ETHUSDT,LONG,4306.340000,4306.340000,0.0000,ExitD_TimeMax_BE,SAFE,100.00,0.0000,0.0000,0.00,110207.21,110207.21,426.530831,1836786.78,True,90,,False,FULL,1.00
2025-08-19 13:34:59,2025-08-19 15:04:59,ETHUSDT,LONG,4304.970000,4304.970000,0.0000,ExitD_TimeMax_BE,SAFE,100.00,0.0000,0.0000,0.00,110207.21,110207.21,426.666569,1836786.78,True,90,,False,FULL,1.00
2025-08-19 15:05:59,2025-08-19 16:35:59,ETHUSDT,LONG,4182.940000,4182.940000,0.0000,ExitD_TimeMax_BE,SAFE,100.00,0.0000,0.0000,0.00,110207.21,110207.21,439.113824,1836786.78,True,90,,False,FULL,1.00
2025-08-19 16:36:59,2025-08-19 18:06:59,ETHUSDT,LONG,4168.010000,4175.680000,0.1840,ExitD_TimeMax_Profit,SAFE,100.00,0.0307,3.0670,3380.07,110207.21,113587.27,440.686749,1836786.78,True,90,,False,FULL,1.00
2025-08-19 18:07:59,2025-08-19 19:37:59,ETHUSDT,LONG,4180.650000,4180.650000,0.0000,ExitD_TimeMax_BE,SAFE,100.00,0.0000,0.0000,0.00,113587.27,113587.27,452.829401,1893121.23,True,90,,False,FULL,1.00
2025-08-19 19:38:59,2025-08-19 21:08:59,ETHUSDT,LONG,4161.620000,4161.620000,0.0000,ExitD_TimeMax_BE,SAFE,100.00,0.0000,0.0000,0.00,113587.27,113587.27,454.900071,1893121.23,True,90,,False,FULL,1.00
2025-08-19 21:09:59,2025-08-19 22:39:59,ETHUSDT,LONG,4137.780000,4137.780000,0.0000,ExitD_TimeMax_BE,SAFE,100.00,0.0000,0.0000,0.00,113587.27,113587.27,457.520998,1893121.23,True,90,,False,FULL,1.00
2025-08-19 22:40:59,2025-08-20 00:10:59,ETHUSDT,LONG,4136.740000,4136.740000,0.0000,ExitD_TimeMax_BE,SAFE,100.00,0.0000,0.0000,0.00,113587.27,113587.27,457.636021,1893121.23,True,90,,False,FULL,1.00
2025-08-20 00:11:59,2025-08-20 01:41:59,ETHUSDT,LONG,4101.400000,4101.400000,0.0000,ExitD_TimeMax_BE,SAFE,100.00,0.0000,0.0000,0.00,113587.27,113587.27,461.579274,1893121.23,True,90,,False,FULL,1.00
2025-08-20 01:42:59,2025-08-20 03:12:59,ETHUSDT,LONG,4075.420000,4136.520000,1.4992,ExitD_TimeMax_Profit,SAFE,100.00,0.2499,24.9872,28382.28,113587.27,141969.55,464.521751,1893121.23,True,90,,False,FULL,1.00
2025-08-20 03:13:59,2025-08-20 04:43:59,ETHUSDT,LONG,4134.850000,4163.090000,0.6830,ExitD_TimeMax_Profit,SAFE,100.00,0.1138,11.3829,16160.28,141969.55,158129.83,572.247897,2366159.22,True,90,,False,FULL,1.00
2025-08-20 04:44:59,2025-08-20 06:14:59,ETHUSDT,LONG,4163.630000,4175.490000,0.2848,ExitD_TimeMax_Profit,SAFE,100.00,0.0475,4.7475,7507.15,158129.83,165636.98,632.980651,2635497.23,True,90,,False,FULL,1.00
2025-08-20 06:15:59,2025-08-20 07:45:59,ETHUSDT,LONG,4176.070000,4190.710000,0.3506,ExitD_TimeMax_Profit,SAFE,100.00,0.0584,5.8428,9677.86,165636.98,175314.85,661.056065,2760616.40,True,90,,False,FULL,1.00
2025-08-20 07:46:59,2025-08-20 09:16:59,ETHUSDT,LONG,4196.920000,4230.100000,0.7906,ExitD_TimeMax_Profit,SAFE,100.00,0.1318,13.1763,23100.06,175314.85,198414.91,696.204379,2921914.08,True,90,,False,FULL,1.00
2025-08-20 09:17:59,2025-08-20 10:47:59,ETHUSDT,LONG,4228.700000,4228.700000,0.0000,ExitD_TimeMax_BE,SAFE,100.00,0.0000,0.0000,0.00,198414.91,198414.91,782.016957,3306915.11,True,90,,False,FULL,1.00
2025-08-20 10:48:59,2025-08-20 12:18:59,ETHUSDT,LONG,4227.840000,4227.840000,0.0000,ExitD_TimeMax_BE,SAFE,100.00,0.0000,0.0000,0.00,198414.91,198414.91,782.176030,3306915.11,True,90,,False,FULL,1.00
2025-08-20 12:19:59,2025-08-20 13:49:59,ETHUSDT,LONG,4195.160000,4195.160000,0.0000,ExitD_TimeMax_BE,SAFE,100.00,0.0000,0.0000,0.00,198414.91,198414.91,788.269126,3306915.11,True,90,,False,FULL,1.00
